[gd_scene load_steps=5 format=2]

[ext_resource path="res://Objects/Helper/level_change_object.tscn" type="PackedScene" id=1]
[ext_resource path="res://Objects/Player/Player.tscn" type="PackedScene" id=2]
[ext_resource path="res://Levels/LevelModels/TestHub.glb" type="PackedScene" id=3]

[sub_resource type="Environment" id=1]
background_mode = 1
background_energy = 0.39
auto_exposure_enabled = true

[node name="Spatial" type="Spatial"]

[node name="Spatial" parent="." instance=ExtResource( 1 )]
transform = Transform( 1, 0, 0, 0, 1, 0, 0, 0, 1, 3.98634, 1.36599, 1.92997 )
level_name = "Level1"

[node name="MeshInstance" parent="Spatial/Area" index="1"]
transform = Transform( 1, 0, 0, 0, 1, 0, 0, 0, 1, 0, 0, -0.00696719 )

[node name="Spatial2" parent="." instance=ExtResource( 1 )]
transform = Transform( 1, 0, 0, 0, 1, 0, 0, 0, 1, 0.00288916, 1.36599, 1.92997 )
level_name = "test_level1"

[node name="MeshInstance" parent="Spatial2/Area" index="1"]
transform = Transform( 1, 0, 0, 0, 1, 0, 0, 0, 1, 0, 0, -0.00696719 )

[node name="Spatial3" parent="." instance=ExtResource( 1 )]
transform = Transform( 1, 0, 0, 0, 1, 0, 0, 0, 1, -3.99154, 1.36599, 1.92997 )
level_name = "test_level1"

[node name="MeshInstance" parent="Spatial3/Area" index="1"]
transform = Transform( 1, 0, 0, 0, 1, 0, 0, 0, 1, 0, 0, -0.00696719 )

[node name="Spatial4" parent="." instance=ExtResource( 1 )]
transform = Transform( 1, 0, 0, 0, 1, 0, 0, 0, 1, -7.99519, 1.36599, 1.92997 )
level_name = "test_level1"

[node name="MeshInstance" parent="Spatial4/Area" index="1"]
transform = Transform( 1, 0, 0, 0, 1, 0, 0, 0, 1, 0, 0, -0.00696719 )

[node name="Spatial5" parent="." groups=["Persist"] instance=ExtResource( 1 )]
transform = Transform( 1, 0, 0, 0, 1, 0, 0, 0, 1, -11.9912, 1.36599, 1.92997 )
level_name = "test_level1"

[node name="MeshInstance" parent="Spatial5/Area" index="1"]
transform = Transform( 1, 0, 0, 0, 1, 0, 0, 0, 1, 0, 0, -0.00696719 )

[node name="Player" parent="." instance=ExtResource( 2 )]
transform = Transform( 1, 0, 0, 0, 1, 0, 0, 0, 1, 0, 0.232892, -1.9366 )

[node name="TestHub" parent="." instance=ExtResource( 3 )]
transform = Transform( -4.37114e-08, 0, -1, 0, 1, 0, 1, 0, -4.37114e-08, 0, 0, 0 )

[node name="InvisWall" parent="TestHub" index="4"]
transform = Transform( 1, 0, 0, 0, 1, 0, 0, 0, 1, -3.21645, 0, -2.44642e-08 )

[node name="SpotLight" type="SpotLight" parent="."]
transform = Transform( 1, 0, 0, 0, -0.441929, 0.89705, 0, -0.89705, -0.441929, -0.11121, 12.5776, -10.5487 )
light_energy = 0.5
shadow_enabled = true
spot_range = 18.1796

[node name="SpotLight2" type="SpotLight" parent="."]
transform = Transform( 1, 0, 0, 0, -0.441929, 0.89705, 0, -0.89705, -0.441929, 5.5235, 12.5776, -10.5487 )
light_energy = 0.5
shadow_enabled = true
spot_range = 17.4935

[node name="SpotLight5" type="SpotLight" parent="."]
transform = Transform( 1, 0, 0, 0, -0.441929, 0.89705, 0, -0.89705, -0.441929, 11.4548, 12.5776, -10.5487 )
light_energy = 0.5
shadow_enabled = true
spot_range = 17.6307

[node name="SpotLight3" type="SpotLight" parent="."]
transform = Transform( 1, 0, 0, 0, -0.441929, 0.89705, 0, -0.89705, -0.441929, -6.74682, 12.5776, -10.5487 )
light_energy = 0.5
shadow_enabled = true
spot_range = 17.9052

[node name="SpotLight4" type="SpotLight" parent="."]
transform = Transform( 1, 0, 0, 0, -0.441929, 0.89705, 0, -0.89705, -0.441929, -12.8634, 12.5776, -10.5487 )
light_energy = 0.25
shadow_enabled = true
spot_range = 17.8366

[node name="WorldEnvironment" type="WorldEnvironment" parent="."]
environment = SubResource( 1 )

[node name="OmniLight" type="OmniLight" parent="."]
transform = Transform( 1, 0, 0, 0, -0.441929, 0.89705, 0, -0.89705, -0.441929, 9.92673, 2.39106, 2.33619 )
light_energy = 0.25
shadow_enabled = true
omni_range = 3.66349

[editable path="Spatial"]
[editable path="Spatial2"]
[editable path="Spatial3"]
[editable path="Spatial4"]
[editable path="Spatial5"]
[editable path="Player"]
[editable path="Player/MovingPlayer/funnyguy"]
[editable path="TestHub"]
